[P1000343.JPG]
filters=crop64=1,72f11bd1ac6a75d8;finetune2=1,0.000000,0.000000,0.095439,00000000,0.192982;autocolor=1;autolight=1;enhance=1;retouch=1;
crop=rect64(72f11bd1ac6a75d8)
moddate=014fe910f507cc01
width=4000
height=3000
textactive=0
[P1000343.1.jpg]
filters=retouch=1;retouch=1;
moddate=3101266af507cc01
width=898
height=1055
textactive=0
[leaf2.jpg]
filters=fill=1,0.504673;
moddate=317281a37c21cd01
width=210
height=332
textactive=0
